#object
#mark SkirmishBlock2 Model Template
#colorRGBA 120,120,120,180
#mark This model has no texture.
#mark #f [type] [vertices] [normal] [colourID] [textureID] [textureVertices]

#mark Bottom
#f 4 -50,86.6,0 50,86.6,0 100,0,0 50,-86.6,0 0,0,-1 0 -1 0,0 0,0 0,0 0,0
#f 4 -50,86.6,0 -100,0,0 -50,-86.6,0 50,-86.6,0 0,0,-1 0 -1 0,0 0,0 0,0 0,0

#mark Side
#f 4 -50,-86.6,80 50,-86.6,80 50,-86.6,0 -50,-86.6,0 0,-1,0 0 -1 0,0 0,0 0,0 0,0
#f 4 -100,0,80 -50,-86.6,80 -50,-86.6,0 -100,0,0 -0.866,-0.5,0 0 -1 0,0 0,0 0,0 0,0
#f 4 -50,86.6,80 -100,0,80 -100,0,0 -50,86.6,0 -0.866,0.5,0 0 -1 0,0 0,0 0,0 0,0
#f 4 50,86.6,80 -50,86.6,80 -50,86.6,0 50,86.6,0 0,1,0 0 -1 0,0 0,0 0,0 0,0
#f 4 100,0,80 50,86.6,80 50,86.6,0 100,0,0 0.866,0.5,0 0 -1 0,0 0,0 0,0 0,0
#f 4 50,-86.6,80 100,0,80 100,0,0 50,-86.6,0 0.866,-0.5,0 0 -1 0,0 0,0 0,0 0,0

#mark Top
#f 4 -50,86.6,80 50,86.6,80 100,0,80 50,-86.6,80 0,0,1 0 -1 125,33.5 375,33.5 500,250 375,466.5
#f 4 -50,86.6,80 -100,0,80 -50,-86.6,80 50,-86.6,80 0,0,1 0 -1 125,33.5 0,250 125,466.5 375,466.5

#end
